18 48 9994 11036
000000000000000000000000000000000000000000000000
000000000000000000000000000000000000000000000000
000000000000000000000000000000000000000000000000
000000000000000000000000000000000000000000000000
000000011000000000000000000000000000000000000000
000000000100000000000000000000000000000000000000
000000000010000000000000000000000000000000000000
000000000010000000000000000000000000000000000000
000000000010000000000000000000000000000000000000
000000000100000000000000000000000000000000000000
000000011000000000000000000000000000000000000000
000000000000000000000000000000000000000000000000
000000000000000000000000000000000000000000000000
000000000000000000000000000000000000000000000000
000000000000000000000000000000000000000000000000
000000000000000000000000000000000000000000000000
000000000000000000000000000000000000000000000000
000000000000000000000000000000000000000000000000