18 48 9994 11036
000000000000000000000000000000000000000000000000
000000000000110000000000000000000000000000000000
000000000000110000000000000000000000000000000000
000000000000000000000000000000000000000000000000
000000000011110000000000000000000000000000000000
000000110100001000000000000000000000000000000000
000000110110001000000000000000000000000000000000
000000000100101011000000000000000000000000000000
000000000101001011000000000000000000000000000000
000000000011110000000000000000000000000000000000
000000000000000000000000000000000000000000000000
000000000011000000000000000000000000000000000000
000000000011000000000000000000000000000000000000
000000000000000000000000000000000000000000000000
000000000000000000000000000000000000000000000000
000000000000000000000000000000000000000000000000
000000000000000000000000000000000000000000000000
000000000000000000000000000000000000000000000000